city,drives_alone,carpools,public_transport,walks,works_at_home,other,mean_travel_time
Russellville AL,85.8,8.8,0,0,1,4.5,22.8
Vina AL,89.8,2.5,2.5,0,1.7,3.4,24.2
Providence AL,77.9,8.4,0,0,13.7,0,24.5
Grant AL,84.5,7.5,0,4.1,3.9,0,31.8
Daviston AL,73.7,7.6,0,0,5.1,13.6,33.9
Clanton AL,77.8,12.4,0,0.5,5.1,4.2,34.8
Gurley AL,92.9,2.4,2.4,0,0,2.4,26.7
New Hope AL,88.3,6.9,0,0.4,2.3,2.2,27.5
Hurtsboro AL,96.3,0,2.5,0,1.2,0,32.9
Haleburg AL,89.8,3.4,0,0,6.8,0,38.7
Newville AL,82.1,16.8,0,0,0,1.1,20.5
Louisville AL,73.2,8,0,10.8,1.4,6.6,16.5
Orrville AL,77.5,17.5,0,0,5,0,25.5
Cuba AL,91.7,6.1,0,0,0,2.2,28.9
Gainesville AL,61.5,20.5,0,17.9,0,0,24.4
Alabaster AL,84.8,9.5,0,0.2,4.6,0.9,30.1
Harpersville AL,83.5,10.6,0,0,3,3,26.5
Gantt AL,95.2,3.2,0,1.6,0,0,46.7
Libertyville AL,78.1,21.9,0,0,0,0,25.6
Glen Allen AL,86.2,8.5,0,0,5.3,0,28.2
Franklin AL,81.6,18.4,0,0,0,0,27.6
Blue Springs AL,93.5,6.5,0,0,0,0,21.5
Hobson City AL,86.7,9.1,2.3,0,0,1.9,22.5
Cottonwood AL,86.1,7.7,0,0,5,1.2,30.9
Chickasaw AL,89.6,5.7,0,0,2.1,2.5,22.9
Saraland AL,88.9,3.6,0,2,5.4,0.2,24.5
Cordova AL,86,12.3,0,0.9,0,0.9,29.6
Parrish AL,90,3.2,0,6.8,0,0,23.8
Adamsville AL,85.3,10.1,0.1,3.9,0.5,0,28.6
Fairfield AL,86,6.6,1,2.9,1.4,2.2,21.9
Homewood AL,82.1,7.7,0.9,3.3,4.9,1.1,18.1
Irondale AL,85.7,9.6,0,1.4,1.5,1.7,23.5
Wilsonville AL,92,8,0,0,0,0,39.2
Sardis City AL,91,4.5,0,0.3,2.7,1.6,23.3
White Hall AL,68.1,27.5,0,0,0,4.3,44.1
Mulga AL,77.1,18.5,3.5,1,0,0,27.7
Monroeville AL,94.4,3.6,0.1,0,1.3,0.7,17.6
Tarrant AL,79,14.7,0.7,1,3,1.6,21.4
Excel AL,98.2,1.8,0,0,0,0,16.7
Greenville AL,80,15.6,0,1.2,1.8,1.4,18.4
York AL,87.7,10.4,0,0,2,0,21.7
McKenzie AL,68.7,23.5,0,0,7.8,0,29.9
Columbiana AL,88.2,7.8,0,0,4,0,19.2
Centreville AL,75,22.5,2,0.5,0,0,27.9
Luverne AL,90.1,3,0,0,6.8,0,20.5
Rutledge AL,78.4,5.4,0,3.6,7.2,5.4,20
Yellow Bluff AL,58.3,25,0,0,0,16.7,22.4
West Blocton AL,100,0,0,0,0,0,28.1
Gordo AL,75.2,13.2,9.7,0,1.9,0,27.8
Brent AL,88.8,8.7,0,0,0,2.5,26.7
Section AL,92.6,2.1,0,0,4.6,0.7,19.4
Skyline AL,83.9,12.7,0,0,1.4,2,36.4
South Vinemont AL,87.4,11.5,0,0,1.1,0,17.4
Carolina AL,88.1,11.9,0,0,0,0,42.8
River Falls AL,93.6,5.6,0,0,0,0.9,23.5
Gu-Win AL,100,0,0,0,0,0,28.9
Winfield AL,86.7,9.4,0,0.6,2.1,1.2,26.1
Billingsley AL,100,0,0,0,0,0,33.3
Addison AL,85.5,6.7,0,1.6,2.7,3.5,21.4
Arley AL,73.1,22.5,0,0,1.3,3.1,29.1
Allgood AL,83.5,16.5,0,0,0,0,44.8
Rosa AL,90.3,9.2,0,0,0.5,0,26.9
Brantley AL,85,7.6,0,1.9,0.6,4.8,21.3
Deatsville AL,85.7,9.7,0,0,4.7,0,29.5
Courtland AL,84.5,11.2,0,0,1.2,3.1,24.8
Aliceville AL,88.1,3.7,0,2.5,3.7,2,21.9
Montgomery AL,84.8,9.1,0.7,1.6,3.1,0.7,19.4
Frisco City AL,82.3,1.3,0,0,12.3,4.1,31.2
Bridgeport AL,85.1,8.9,0,2.8,1.5,1.7,22.4
Dutton AL,90.4,9.6,0,0,0,0,27.9
Pleasant Groves AL,85.9,14.1,0,0,0,0,34.5
Fayette AL,82.1,11.2,0,5,1.8,0,21.7
Notasulga AL,86,8,0,2.4,2.7,0.9,23
Baileyton AL,87.5,4.1,0,0,6.6,1.8,26.5
West Point AL,88,6.9,1.1,1.1,0,2.9,21.7
Oak Hill AL,100,0,0,0,0,0,0
Midway AL,60.1,39.9,0,0,0,0,28.8
Lakeview AL,88.1,11.9,0,0,0,0,28.6
Bon Air AL,60,23.3,0,0,0,16.7,19.8
Waldo AL,87.1,10.8,0,0,0,2.2,35.2
Newton AL,84.4,14.4,0,0,1.1,0,23
Coffee Springs AL,77.6,0,0,0,22.4,0,28.8
Alexander City AL,89.1,8.3,0,0.1,2,0.4,20.5
New Site AL,93.9,3.7,0.8,0,1.6,0,30.3
Riverside AL,82.1,15.6,0,0,2.4,0,27.9
Wedowee AL,83.5,11.6,0,0,0.9,4,20.6
Loxley AL,96.6,2.7,0,0,0.3,0.4,31.7
Sylvania AL,91.3,7.3,0,0.4,1,0,20.6
St. Florian AL,89.6,5.7,0,2.8,0.9,0.9,21.1
Somerville AL,90.6,7.9,0,1.5,0,0,26.8
Oak Grove AL,90.6,9.4,0,0,0,0,23.6
Vincent AL,88.5,5.4,0,1.7,4.4,0,32.9
Camp Hill AL,86.6,8.8,0,0,1,3.7,28.8
Geraldine AL,90.2,9,0,0.3,0,0.5,26.9
Powell AL,82.1,11.9,1.8,1.8,2.4,0,21.9
Hartselle AL,94.3,4.3,0,0.4,0.6,0.5,23.6
Triana AL,75.9,20.4,0,3.1,0.6,0,25.1
Dayton AL,100,0,0,0,0,0,0
Demopolis AL,87.8,5,0,0,3.4,3.8,17
Sweet Water AL,93.9,3.1,0,0,1.5,1.5,23
Shiloh AL,89.3,5,0,0,5.7,0,16.7
Ozark AL,84.2,9.5,0.5,2.2,0.4,3.2,21.2
Goldville AL,100,0,0,0,0,0,23.6
Waverly AL,95.2,1,0,0,0,3.8,23.5
Valley AL,91.4,6.8,0,0,0.8,0.9,21.2
Littleville AL,86.7,7.7,0,1,4.6,0,24.8
Bear Creek AL,78.9,15.2,0,1.2,4.7,0,22.4
La Fayette AL,85.4,7.2,2.4,3.4,1.6,0,24.4
Lanett AL,87,10.7,0,0,1.7,0.5,19.4
Tuscumbia AL,86.5,11.4,0,0,1.6,0.5,20.3
Boligee AL,60.8,9.5,0,17.1,0,12.7,30.2
Malvern AL,84.3,8.5,0,1.4,4.6,1.3,25.5
Thorsby AL,87.5,7.4,2.3,0.4,2.4,0,31.3
Steele AL,88,5.3,0,0.7,3,3,25.2
Mentone AL,83.3,1.7,0,3.3,9.2,2.5,26
Fort Payne AL,85.6,9.7,0,1.3,1.8,1.6,19.8
Fyffe AL,87,2.2,0,0,10.9,0,23.1
Ider AL,78.3,11.2,0,0,9.1,1.4,28.1
Pine Ridge AL,91.1,8.9,0,0,0,0,20.1
Sand Rock AL,89.5,8.7,0,0,1.7,0,24.9
Valley Head AL,87,10,0,0,3,0,22.7
Waterloo AL,97,3,0,0,0,0,30.8
Eva AL,86.3,10.1,0,0,3.5,0,24.9
Falkville AL,89.4,8.9,0,0,0.9,0.7,24.3
Priceville AL,92.6,4.8,0,0.9,1.3,0.5,27.9
Childersburg AL,67.7,21,0,4.5,3.6,3.2,20.3
Attalla AL,90.1,7.5,1.6,0,0.7,0,18.9
Avon AL,91.1,4.7,0,1,3.1,0,23.1
Kinston AL,89,8.6,1.4,0,1,0,26.2
Rehobeth AL,91.5,6.3,0,0.7,1.5,0,23.1
Ardmore AL,86.3,4.6,0,0,3.7,5.3,27.2
Athens AL,88.3,8.1,0,0.6,2.5,0.5,22.5
Citronelle AL,92,4.9,0.9,0,1.6,0.6,27.9
Dauphin Island AL,88.1,3.6,0,1.1,5.8,1.3,28.8
Mobile AL,85.5,7.5,0.8,1.4,3.8,1,21.9
Argo AL,81.4,16.2,0,0,1.4,1,32.3
Bessemer AL,77.2,16,1,1.6,2.6,1.6,22.4
Cardiff AL,84.6,15.4,0,0,0,0,0
Leeds AL,88.5,7.3,0,0.5,3.2,0.5,26.2
Lipscomb AL,80,14.7,0.5,0.2,0.9,3.7,26.8
Sumiton AL,85.5,11.2,0,1.9,1.4,0,27.2
West Jefferson AL,94.7,0.6,0,1.2,3.5,0,31.2
Needham AL,84.6,2.6,0,0,0,12.8,34.7
Silas AL,88.3,7.1,0,0,4.5,0,32.1
Jacksonville AL,83.3,7.4,0,3.5,4.8,1,21.9
Weaver AL,84.6,10.9,0.3,0,2.9,1.2,27.8
Gordon AL,90.3,4.2,0,0,5.6,0,27.8
Taylor AL,96.6,3.4,0,0,0,0,23.6
Webb AL,84.4,12.1,0,0.4,2.3,0.8,21.4
Bayou La Batre AL,68.4,5.5,0,9.5,15.8,0.9,17.7
Mooresville AL,81.6,10.5,0,0,7.9,0,27.9
Carbon Hill AL,74.3,12.7,0,9.5,0.6,2.8,26.5
Tuscaloosa AL,82.7,8.8,0.7,2.6,3.8,1.4,19.4
Oneonta AL,89.5,9.2,0,0,1.3,0,29.7
Susan Moore AL,92,6.2,0,0,0.9,0.9,29
Fulton AL,73.7,26.3,0,0,0,0,20.4
Gaylesville AL,85.5,5.8,0,0,8.7,0,23.8
Glenwood AL,95.8,0,0,0,4.2,0,44.4
Marion AL,73.9,8.8,0,5.5,0.5,11.4,18.2
Langston AL,91.2,8.8,0,0,0,0,37.8
Madison AL,91,3.8,0,0.5,3.4,1.3,19.4
Edwardsville AL,82.6,8.3,0,0,9.1,0,29.4
Lake View AL,89.5,9.2,0,0,1.3,0,29.5
Nectar AL,86.5,5.4,0,0.9,0.9,6.3,35.7
Snead AL,91.4,6.1,0,0,2.5,0,29.8
Vance AL,86.8,9.6,0,0,3.2,0.4,25.8
Pelham AL,85.8,9.3,0.1,0,4.7,0.1,27.3
Linden AL,90.7,4,0,1.5,3.3,0.5,35.5
Ethelsville AL,80,6.7,0,10,3.3,0,36.5
Pine Apple AL,94.4,0,0,0,5.6,0,29
Haleyville AL,85.5,10.9,0,0,3.6,0,19.6
County Line AL,94.1,4.5,0,0,0.9,0.5,35.8
Nauvoo AL,77.5,22.5,0,0,0,0,32.1
Northport AL,90,6.6,0,0.3,1.9,1.3,20.3
Hillsboro AL,88.7,7.4,0,3.9,0,0,26.9
Highland Lake AL,83.7,12.9,0,0,3.4,0,31.9
Elmore AL,90.4,3.1,4.1,0,0.5,1.9,25.5
Tallassee AL,85.4,10.7,0,3.9,0,0,21.6
Elkmont AL,92.5,3.7,0,2.1,1.6,0,24.9
Trussville AL,89.1,6.5,0.1,0.8,2.6,0.8,27.1
Elba AL,72.4,16.4,0,6.5,2.2,2.6,21.8
Columbia AL,86.5,4.1,1.8,4.7,1.2,1.8,22.5
Sipsey AL,92.9,7.1,0,0,0,0,46.6
Brighton AL,74.4,17.7,4.9,0,1.2,1.8,22.6
Mountain Brook AL,90.5,3.3,0,0.3,5.3,0.6,16.8
North Johns AL,87.8,12.2,0,0,0,0,30.5
Babbie AL,89.7,5.2,0,0.9,0.9,3.4,26.3
Shorter AL,84.5,8.5,0,0,0,7,22.8
Pine Hill AL,90.4,9.6,0,0,0,0,18.8
Tuskegee AL,72.2,9.6,1.2,12.4,3,1.7,18.6
Clayton AL,71.8,21.4,0,3.8,1.7,1.3,22
Heath AL,96.9,0,0,1,2,0,23.4
Opp AL,83.6,12.5,0.3,1.4,1.3,0.9,23.5
Hayneville AL,73.4,15.3,1.7,1.7,0,7.9,27.9
Piedmont AL,79.8,13.1,0,1.8,4.9,0.4,32.7
Huntsville AL,86.7,6.8,0.3,1.2,3.1,1.8,18.9
Owens Cross Roads AL,89.8,9,0,0.3,0.4,0.5,26.9
Abbeville AL,88.1,9.2,0,1.1,1.6,0,21.3
Eclectic AL,89.5,10.5,0,0,0,0,37.1
Castleberry AL,89.9,7.5,0,0,1.3,1.3,31
Brewton AL,87.7,9.1,0.6,0.9,1.7,0,21.6
Flomaton AL,95.9,2.8,0,0.7,0,0.7,25.9
Five Points AL,93.3,6.7,0,0,0,0,24.4
Oxford AL,87.3,9.4,0,0.2,2.3,0.8,22.4
Cowarts AL,91,4.9,0,0,3,1.1,25.5
Prichard AL,82.6,11.2,1.4,1.5,2.2,1.1,24.7
Satsuma AL,91.2,2.9,0,0,3.2,2.6,25
Maytown AL,94.3,4.1,0,0,0,1.6,28
Morris AL,88.8,7.8,0,0.9,2.6,0,28.7
Pleasant Grove AL,88.6,9.3,0,0,1.8,0.3,28.2
Glencoe AL,85.3,9.2,0,0,4.6,0.9,25.1
Hokes Bluff AL,91.6,4.3,0,0,4.2,0,21.6
Gordonville AL,66.7,4.4,0,0,6.7,22.2,43.9
Lockhart AL,71.3,26.6,0,1.4,0.7,0,28.9
Autaugaville AL,91.7,4.5,0,1.5,2.4,0,36.9
Arab AL,86.8,8.9,0.3,0.6,2.9,0.6,27.4
Pell City AL,90,7.6,0,0,1.7,0.7,25.5
Rogersville AL,86.4,7.3,0,4.2,0,2,31.1
Sheffield AL,88.3,5.5,0,2.8,1.6,1.8,20.3
Brilliant AL,84.6,5.2,0,10.1,0,0,25.8
Evergreen AL,91,1.9,0,0.7,4.9,1.5,24.4
Repton AL,100,0,0,0,0,0,19.9
East Brewton AL,92.2,4.8,0,0,0.5,2.6,18.8
Auburn AL,79.8,8.8,1.7,4.7,3.6,1.5,19.7
Opelika AL,86,9.1,0.1,0.4,3.7,0.7,18.2
Leighton AL,86.9,13.1,0,0,0,0,28.1
Midland City AL,92.7,3.3,0,0.4,1.7,1.9,19.7
Black AL,89.3,10.7,0,0,0,0,29.2
Geneva AL,79.9,16,0,0,0,4.1,25.4
Jacksons' Gap AL,84,11.5,0,3.9,0.5,0,19.5
Maplesville AL,90.9,8.4,0,0,0.7,0,30.7
Odenville AL,85.9,8.7,0,0.6,4.7,0,32.2
Brundidge AL,82.4,12.2,0.3,3.2,1.2,0.7,22.8
Roanoke AL,95,3,0,0,2.1,0,22.1
Florence AL,86,7.4,0.2,2.9,2.4,1.2,18.6
Hamilton AL,83.5,12.5,0,0.5,2.5,1,24.1
Banks AL,82.7,3.8,0,0,9.6,3.8,26.7
Wadley AL,85.3,3.6,0,7.1,0,4.1,25.3
Wilton AL,88.5,10.2,0,0,1.3,0,28.9
Faunsdale AL,100,0,0,0,0,0,0
Ariton AL,91.3,3.4,0,1.4,1,2.9,27.6
Clayhatchee AL,79.8,10.6,0,0,8.1,1.5,26.2
Level Plains AL,85.8,7.6,0,0.2,3.6,2.7,19.7
Newbern AL,70.4,16.7,0,3.7,0,9.3,24.8
Phil Campbell AL,81.6,17.5,0,0,0.8,0,29.4
Millbrook AL,87.4,9.6,0,0.7,1.9,0.4,23.9
Prattville AL,87.4,9.3,0,0.6,1.8,0.9,22.1
Wetumpka AL,88.8,5.8,0,1.8,3.1,0.6,26.3
Town Creek AL,81.6,15.7,0,0,2.7,0,31.5
Rockford AL,68.1,18.1,0,5.1,3.6,5.1,32.7
Douglas AL,82.3,12.7,0,1.1,2.3,1.5,25.8
Daleville AL,90.4,3.8,0,3.4,0,2.4,16.9
Napier Field AL,91.1,3,0,3.9,2,0,18.4
Fairview AL,83.8,13.4,0,0,2.8,0,31.8
Vredenburgh AL,65.5,0,27.3,7.3,0,0,28.7
Scottsboro AL,86.1,11.4,0,0.2,1.9,0.5,19.6
Eufaula AL,85.9,10.3,0,1.1,1.4,1.3,19.3
Warrior AL,82.6,12.8,1.2,1.6,1.8,0,30.6
Double Springs AL,79.4,12.6,0,1.7,1,5.3,16.4
Natural Bridge AL,100,0,0,0,0,0,0
North Courtland AL,83.8,16.2,0,0,0,0,28.8
Margaret AL,88.4,11,0,0,0.6,0,33.2
Killen AL,86.9,13.1,0,0,0,0,27.8
McIntosh AL,80.6,12.5,0,0,6.9,0,30.6
Muscle Shoals AL,92,4.5,0,0.3,2.1,1,20
Forkland AL,97.5,2.5,0,0,0,0,21.8
Albertville AL,84.7,12.5,0.4,0.7,1.4,0.3,19.2
Hartford AL,83.4,9.2,0,0,5.3,2.1,27.7
Gilbertown AL,66.7,30.3,0,0,3,0,33.4
Lisman AL,100,0,0,0,0,0,26.6
Coker AL,85.2,9.5,0,0,5.3,0,20.8
Jackson AL,90.1,6.3,0,1.6,1,1,16.6
Dodge City AL,88.9,8.4,0,0,1.3,1.3,25.8
Good Hope AL,81.5,10.4,0,0.5,6.3,1.2,19.9
Beaverton AL,95.8,3.1,0,0,0,1,28
Detroit AL,61.5,26.2,0,0,12.3,0,22.6
Kennedy AL,79.5,15.6,0,0.5,2.4,2,30.7
Hytop AL,85.9,10.7,1.1,0,1.7,0.6,38.1
Pisgah AL,89,8,0,0,1.3,1.7,27.2
Coffeeville AL,88.7,2.1,0,0,9.3,0,41.3
Blountsville AL,87.9,9.6,0,0.6,1.3,0.6,29.4
Locust Fork AL,90.1,8.4,0,0,1.5,0,39.1
Thomasville AL,71.6,19.7,0,1,0,7.7,21.3
Memphis AL,0,0,0,0,0,0,0
Colony AL,88.5,7.4,0,2.7,1.4,0,39.1
Hanceville AL,84,11.5,0,3.5,1,0,27.6
Holly Pond AL,94.2,5.5,0,0.3,0,0,31.3
Hollywood AL,78,21.5,0,0,0.5,0,19.5
Emelle AL,100,0,0,0,0,0,34.7
Woodville AL,88.3,2.8,0,6.9,1.2,0.8,28.4
Montevallo AL,76.1,11.2,0,8.2,1.3,3.2,22.9
Myrtlewood AL,95.7,4.3,0,0,0,0,20.2
Chatom AL,75.8,22.1,0,0,0,2.1,27.8
Millry AL,90.5,5.9,0,0,0.9,2.7,43.6
Millport AL,84,10.8,0,0,5.2,0,24.7
Sulligent AL,86.8,10.1,1.1,0.9,1.1,0,15.5
Anderson AL,83.2,16.8,0,0,0,0,28.8
Hackleburg AL,91,6.7,0,0,1.5,0.8,20.3
Carrollton AL,91.7,5.8,0,0.6,1.9,0,31
Boaz AL,81.7,13.2,0,1,3.4,0.7,20.9
Gulf Shores AL,77,9.2,0,0,11.5,2.4,24.9
Summerdale AL,83.1,11.6,0,0.8,3.6,0.8,22.8
Hammondville AL,89.3,4.4,0,0,3.9,2.4,18.8
Trinity AL,92,6.9,0,0,0.7,0.4,22.3
Slocomb AL,80.2,9.3,0.7,0,6.3,3.6,26.9
Livingston AL,78.3,6.4,0,11.4,3.9,0,17.3
Spanish Fort AL,90.8,3.7,0,1,4,0.6,28.2
Epes AL,88.9,11.1,0,0,0,0,22.9
Geiger AL,88.2,5.9,0,0,5.9,0,36.2
Pinckard AL,98.2,1.8,0,0,0,0,23.1
Greensboro AL,88.2,7.1,0,0,2.5,2.3,24.9
Union Grove AL,96.6,3.4,0,0,0,0,23.9
Riverview AL,100,0,0,0,0,0,23.8
Phenix City AL,88.2,7.5,0.1,1.1,2.2,0.8,21.8
Cherokee AL,89.6,2.6,2.6,3.5,1.7,0,25.8
Cleveland AL,91.2,6,0,2.8,0,0,32.7
Sanford AL,89.9,8.7,0,0,1.4,0,26.5
Southside AL,89.2,2.4,0,0,7.6,0.9,22.8
Dora AL,89.7,8.5,0,0,1.7,0,28.7
Selma AL,84.1,8.4,0,3.5,2.1,1.8,17.7
Paint Rock AL,80,17.1,0,0,2.9,0,36.3
Hayden AL,95.5,1.7,0,0,2.1,0.8,33.5
McMullen AL,100,0,0,0,0,0,0
Thomaston AL,95.7,2.2,0,0,0,2.2,30.8
Beatrice AL,98.4,0,0,1.6,0,0,28.7
Cedar Bluff AL,82.4,11.6,1.6,0,2.7,1.7,23.1
Union Springs AL,76.6,7.3,0,16.2,0,0,21.8
Collinsville AL,82.2,16.2,0,0.6,0.9,0,23.7
Sylacauga AL,80.9,13.3,0.8,3.3,1.8,0,22.3
Lester AL,95.9,4.1,0,0,0,0,38.9
Grove Hill AL,89.7,2.6,2.4,2.8,2.2,0.4,18.7
Headland AL,89.8,3.4,0,0.2,0.3,6.2,25.5
Dozier AL,94.7,5.3,0,0,0,0,30.7
Hodges AL,80.3,19.7,0,0,0,0,28.3
Lynn AL,87,11.4,1.1,0.5,0,0,28.2
Petrey AL,92.3,0,0,7.7,0,0,29.4
Centre AL,90.1,7.1,0,0,2.7,0,22.8
Moulton AL,87.6,8.6,0,3,0,0.8,20.6
Ridgeville AL,95.5,4.5,0,0,0,0,35.5
Cullman AL,86.5,8.8,0.1,1.1,3,0.4,22
Ragland AL,89.1,7.9,0,0.4,2.1,0.4,32.3
Enterprise AL,88.2,7.5,0,0.8,2.5,1,19
Ranburne AL,86.2,9.5,0,0,4.3,0,35.6
Troy AL,83.2,7.4,0,3.2,5.7,0.6,17
Crossville AL,87.2,9,0.6,0,2.6,0.6,25.8
Grimes AL,89.4,7.4,0,1.1,0,2.1,19.3
Coosada AL,92.6,6,0,0,1.4,0,22.9
Calera AL,90,5.8,0.1,0,2.7,1.4,33.3
Talladega Springs AL,95,5,0,0,0,0,28.5
Pickensville AL,87.8,9.4,0,0,2.8,0,32.7
Dadeville AL,84.9,11.4,0,2.7,0,1,21.9
Loachapoka AL,75.7,5.6,0,0,17.8,0.9,19.7
Vernon AL,87.7,10.5,0,1,0.8,0,19.4
Red Bay AL,86.8,5.6,0.6,0,1,6,32.7
Union AL,91.7,0,0,0,0,8.3,27.6
Pennington AL,89.7,5.9,0,1.5,0,2.9,32.4
Samson AL,82.9,12.9,0,0.5,2.3,1.4,28.4
Mount Vernon AL,72.5,12.3,0,0,7.9,7.4,29.6
Gadsden AL,82.1,11.4,0.4,1.5,3.5,1.1,19.7
Talladega AL,77.7,13.7,2.1,3,1.5,2,18.7
Lexington AL,84.6,12.8,0,2.6,0,0,30.7
Decatur AL,88.8,7.6,0.2,0.2,1.8,1.3,20.9
Lincoln AL,85,9.4,0,1.3,4.2,0,25.2
Woodland AL,88.7,0,0,5.7,5.7,0,26.8
Fairhope AL,83.6,6,0.5,0.6,7.9,1.4,24.6
Robertsdale AL,82.3,11.4,0,0.3,6,0,25.2
Garden City AL,91,9,0,0,0,0,23.2
Georgiana AL,74.8,22.2,0,2.4,0.5,0,23
Brookwood AL,89.1,8.2,0,0,2.1,0.6,24.5
Walnut Grove AL,77.7,12,0,0,10.4,0,36
Dothan AL,87.9,7.6,0.1,0.9,2.5,1,19.1
Kinsey AL,88.8,9.7,0,0,0.8,0.7,19.9
Eldridge AL,96.1,0,0,3.9,0,0,30.6
Jasper AL,82.1,15,0,1.2,1.7,0,21.8
Kansas AL,81.7,11.3,0,2.8,0,4.2,29.9
Fultondale AL,92.6,4.9,0,0,1.9,0.6,24
Foley AL,84.8,9.3,0,0,5.5,0.5,20.6
Guin AL,90.4,2.8,0.6,0.6,4.4,1.2,21.1
Daphne AL,91.8,3.9,0.4,0,3.4,0.6,27.5
Silverhill AL,81.3,7.6,0,0,4.8,6.3,25.5
Leesburg AL,84.1,12,0,0,3.9,0,24.1
Rainsville AL,84.3,12.5,0,0.9,2.3,0,16.5
Rainbow City AL,82.9,8.9,0,0.2,6.7,1.3,24
Lowndesboro AL,95.6,4.4,0,0,0,0,21.1
Brookside AL,86.9,11.7,0,0,0,1.4,24.5
Gardendale AL,85.9,8.8,0,1,3.9,0.4,24.9
Graysville AL,92.5,5.8,0.6,0,1.1,0,27.9
Hueytown AL,84.3,11.2,0,0.2,2.3,2.1,27.4
Trafford AL,95.4,4.6,0,0,0,0,34.3
Reece City AL,84.6,11.8,0,0,3.7,0,24.9
Fort Deposit AL,95.2,4,0,0.9,0,0,27.9
Toxey AL,75.8,15.2,0,9.1,0,0,26.5
Altoona AL,88.2,11.3,0,0,0.6,0,44.8
Benton AL,95.5,4.5,0,0,0,0,0
Mosses AL,79.1,18.1,2.8,0,0,0,31.1
Ohatchee AL,91.3,8.1,0,0,0,0.6,33.3
New Brockton AL,85.5,9.7,0,0.4,0.4,4.1,22.4
Madrid AL,95.9,2.7,0,0,0,1.4,26.4
Oakman AL,90.6,8.5,0,0.9,0,0,26.2
Sylvan Springs AL,95.8,3.2,0,0,1,0,29.5
Birmingham AL,80.3,11.2,2.4,2.7,2,1.5,21.5
Helena AL,91.5,3.5,0,0.5,2.9,1.5,30.9
Hoover AL,85.7,7.9,0.2,0.4,5.1,0.7,23.1
Midfield AL,83.4,10,0.8,0.8,5,0,22.8
Vestavia Hills AL,84.8,6.7,0.1,0.8,6.9,0.7,20.3
Andalusia AL,89.5,4.8,0,0.7,3.9,1.2,16.5
Horn Hill AL,72.7,20.2,5.1,0,2,0,25.9
Onycha AL,91.9,0,0,0,0,8.1,34.6
Red Level AL,82.7,17.3,0,0,0,0,20.2
Berry AL,81.2,17.3,0,0,1.1,0.4,29
Belk AL,82.1,12.5,0,5.4,0,0,16.2
Anniston AL,78.3,12.7,0.4,2.5,5.1,0.9,23.7
Atmore AL,91,8.5,0,0,0.5,0,17.8
Lineville AL,90,6.5,0,2.6,0.9,0,19.8
Heflin AL,79.6,18.8,0,0,1.5,0,28.1
Akron AL,100,0,0,0,0,0,40.8
Moundville AL,95.7,4.3,0,0,0,0,28.5
Guntersville AL,84.2,10.2,0.9,1.1,3.2,0.4,21.4
Pollard AL,73.4,20.3,0,0,3.1,3.1,17.8
Goshen AL,64.9,7.2,0,9.9,18,0,23.2
Bay Minette AL,87.8,4.3,0,1.6,3.7,2.6,22
Elberta AL,81.9,8.3,0,2.6,5.3,1.9,21.4
Orange Beach AL,83.6,6.2,0,0.7,7.9,1.7,21.6
Moody AL,89.5,5.4,0.2,0.3,3.9,0.7,26.8
Smiths Station AL,91.7,4.8,0,0,2.4,1,24.8
Kellyton AL,100,0,0,0,0,0,17.3
Woodstock AL,91,3.3,0.8,0,4.9,0,29.7
Valley Grande AL,88.5,9.7,0,0,0.9,0.9,19.8
Westover AL,87.6,6,0,0,3.9,2.4,33.7
Center Point AL,87.9,9.5,0.6,0,1.6,0.5,27.7
Indian Springs Village AL,83.2,8.1,0.6,2.5,3.4,2.1,26.5
Fruithurst AL,84.9,12.6,0,2.5,0,0,37.5
Bakerhill AL,79.5,17,0,2.3,1.1,0,26.1
Creola AL,86,10.3,0,1.4,2.3,0,30.2
Ashford AL,86.2,7.6,0,0,5.4,0.8,25.9
Ashland AL,89.6,4.2,0,1.7,0.7,3.7,24.3
Ashville AL,82.2,10.9,0,0,1.9,5,31.1
Butler AL,85.7,7.5,0,4,2,0.8,18.8
Camden AL,87.4,7.2,0,3.6,1.9,0,19.8
Chelsea AL,84.8,8.4,0,1.2,4.6,0.9,30.3
Clio AL,82.7,16,0,0,0,1.3,32.1
Coaling AL,85.7,7.4,1.1,0.2,4.7,0.9,25.3
Eutaw AL,92.2,6.1,0,0,0,1.8,25
Florala AL,75.2,21.9,2.3,0.6,0,0,28.1
Reform AL,87,7.6,0.9,2.8,1.7,0,29
Springville AL,82.1,7.7,0,2.6,4.1,3.5,30.6
Stevenson AL,83,6.8,0,6.4,0.7,3.2,23.4
Uniontown AL,82.9,17.1,0,0,0,0,34.6
Pike Road AL,87.4,7.6,0,0,5,0,25.9
Jemison AL,81.9,11.6,0,1.6,1.1,3.9,33
Goodwater AL,81.3,11.5,5.2,0,0.9,1.1,25.8
Henagar AL,87.9,3,0,2.8,6.4,0,23.7
Magnolia Springs AL,82.9,3.3,0,1.2,9.8,2.8,38.4
Clay AL,90.6,8,0,0,1.2,0.2,28.3
Pinson AL,86.8,10.5,0,0,1.6,1,33.1
Twin AL,83.9,13,0,0,0,3.1,22.7
Cusseta AL,91.2,8.8,0,0,0,0,22.2
Munford AL,89,8.9,0,2.1,0,0,20.6
Perdido Beach AL,89.8,2.9,0,0,5.9,1.5,33.5
Kimberly AL,86.6,10,0.8,0,2.6,0,29
Hughes AK,0,0,0,67.6,0,32.4,3.4
Huslia AK,11.7,2.5,0,56.7,2.5,26.7,7.3
McGrath AK,40.5,7.6,0,25.2,12.2,14.5,7.7
Angoon AK,18.9,8.4,4.9,65,1.4,1.4,9.2
Shishmaref AK,0,0,0,70.3,6.3,23.4,4.9
Teller AK,17.9,7.5,0,56.7,0,17.9,8.5
Manokotak AK,7.4,6.5,0.9,66.1,3.2,15.9,5.5
Kotlik AK,0,0,0,57.2,0.6,42.2,6.8
St. Mary's AK,14.4,13.2,0,31.1,2.4,38.9,6.4
Kaktovik AK,15.5,14.1,1.4,56.3,5.6,7,5.9
Goodnews Bay AK,18,4,2,40,10,26,4.7
Napakiak AK,6.5,5.6,0,47.7,1.9,38.3,6
Craig AK,48.4,7.9,1.5,24.2,8.9,9.2,15
Newhalen AK,25.6,0,0,39.5,0,34.9,3.7
Pilot Point AK,37.9,0,0,51.7,3.4,6.9,3.4
Eagle AK,32.3,0,0,51.6,9.7,6.5,15.7
Juneau AK,67.2,14.5,5.3,6.4,4.3,2.3,15.6
Cordova AK,64.4,10.7,0.3,17.7,4.6,2.3,9.9
Valdez AK,75.2,10,0.5,9.2,2.3,2.8,10.5
Gambell AK,9.1,0,0,36,8.1,46.7,5.5
Golovin AK,7.8,0,0,41.2,0,51,5
Klawock AK,54.4,15.9,0,20.9,1.7,7.1,15.8
Ketchikan AK,61,16.3,4.1,13,3.1,2.5,10.1
Coffman Cove AK,83.3,0,0,4.8,0,11.9,31.2
Sitka AK,60.9,12.4,1.4,15.6,4.2,5.6,10.4
North Pole AK,77.9,15.4,0,2.2,2.4,2.2,23.8
Marshall AK,4.3,2.2,0,58.1,2.2,33.3,4.9
Koyuk AK,0,0,0,29.8,1.8,68.4,4.5
Wales AK,0,0,0,62.1,6.1,31.8,8.5
Pelican AK,0,0,0,56.6,26.4,17,7.2
Nulato AK,18.7,16,0,44,1.3,20,6.8
Cold Bay AK,75.5,4.1,0,18.4,2,0,6.9
Shungnak AK,0,0,0,69.7,0,30.3,8.3
Shaktoolik AK,8.4,8.4,0,42.1,2.1,38.9,4.6
Elim AK,9.3,0,1.3,62.7,6.7,20,6.1
Delta Junction AK,80.3,8.7,0,5.9,4.4,0.7,13.1
Atka AK,6.3,3.1,0,6.3,0,84.4,5.3
Hydaburg AK,29.9,17.2,0,42.5,0,10.3,24.3
Russian Mission AK,0,0,0,35.1,2.7,62.2,7.2
Kake AK,52.4,24.5,0,14.8,0,8.3,7.2
Port Alexander AK,0,0,0,71.4,0,28.6,13.7
Egegik AK,21.3,21.3,0,55.3,0,2.1,14.7
Port Heiden AK,46.7,6.7,0,23.3,0,23.3,9.8
Togiak AK,31.8,8.4,0,20.1,3.9,35.8,8.4
Kobuk AK,0,0,0,51.2,9.3,39.5,4.6
Chefornak AK,0,0,0,64.2,1.7,34.2,5
Lower Kalskag AK,16.7,3.8,7.7,51.3,6.4,14.1,6.5
Toksook Bay AK,0.6,0,0,56.1,4.4,38.9,4.2
Upper Kalskag AK,35.2,9.3,5.6,11.1,7.4,31.5,7
Wasilla AK,73.1,9.8,0.2,4.5,6.1,6.3,30.7
Napaskiak AK,5.6,0,0,50,0,44.4,6.7
Shageluk AK,0,0,0,76.5,14.7,8.8,6.9
Dillingham AK,53.5,25.3,1.4,8.6,7.5,3.7,9.4
Quinhagak AK,4.5,5,0,30.2,1.7,58.7,4.1
Pilot Station AK,5.2,6,0,43.3,4.5,41,5
Port Lions AK,46.4,16.1,0,14.3,3.6,19.6,9.2
Mountain Village AK,8.5,0.4,0,51.9,0.8,38.4,4.7
Scammon Bay AK,0,0,0,47.7,9.1,43.2,4.6
Point Hope AK,14.1,9.9,0,23.2,4.2,48.6,3.2
Hoonah AK,45.3,15.9,3.6,23.2,4.5,7.5,9.2
Kaltag AK,4.2,0,0,52.1,2.1,41.7,4.7
Ruby AK,31,0,0,36.2,5.2,27.6,8.3
Akutan AK,0,0,0,94.8,1.8,3.4,4.6
Aniak AK,41.8,9.9,2.2,12.6,2.2,31.3,6.5
Mekoryuk AK,8.2,4.7,0,44.7,9.4,32.9,4.1
Buckland AK,2.3,3,0,55.3,7.6,31.8,5.9
Deering AK,5.7,0,5.7,41.5,3.8,43.4,12
Nikolai AK,0,0,0,78.1,6.3,15.6,10.2
Palmer AK,75.4,11,0.9,3.9,4.4,4.3,30.2
Nunapitchuk AK,0,0,0,41.5,2.1,56.5,5.5
Platinum AK,0,0,0,0,50,50,0
Houston AK,72.6,9.1,0,0.4,8.1,9.8,37.7
Bettles AK,0,0,0,66.2,31.1,2.7,0
Koyukuk AK,0,0,0,66.7,9.5,23.8,3.9
Homer AK,60.8,13.6,1,6.8,9.3,8.6,13
Soldotna AK,76.9,6.6,3,5.6,3.2,4.6,15
Kodiak AK,59.3,16.4,0,10.8,6.1,7.4,9.9
Seldovia AK,37.2,6.4,0,27.7,12.8,16,8.4
Whittier AK,39.4,9,0,45.2,5.2,1.3,11
Tenakee Springs AK,21.9,0,6.3,0,18.8,53.1,9
Fairbanks AK,71,16.2,1.2,7,1.8,2.9,12.9
New Stuyahok AK,4.8,6.4,0,43.2,4.8,40.8,5.7
Kiana AK,4.1,0,0,55.4,4.1,36.5,4.9
Akiak AK,11.7,4.5,0,44.1,4.5,35.1,4.6
Kwethluk AK,5.5,1.8,0,59.8,0.6,32.3,6.3
Nightmute AK,0,0,0,73.7,7,19.3,4.2
Fort Yukon AK,25.9,16.6,2.4,30.7,9.3,15.1,7.6
Grayling AK,9.3,0,0,74.4,0,16.3,3.6
Tanana AK,32.7,7.5,0,35.5,0,24.3,8.5
Kivalina AK,1.6,0,0,58.7,2.6,37,6.1
Aleknagik AK,39.3,24.6,0,11.5,3.3,21.3,21.4
Ekwok AK,8.7,4.3,0,13,4.3,69.6,3.4
Ambler AK,0,0,0,65.2,2.2,32.6,7.5
Kotzebue AK,31.6,18.1,0.3,34,4.2,11.9,6.2
Galena AK,56.5,15.2,0,14.8,4.5,9,6.3
Bethel AK,43.6,25.3,0.4,15,4.3,11.4,9.5
Eek AK,0,0,0,48.1,2.9,49,5.9
Brevig Mission AK,0,0,0,58.8,4.1,37.1,4.6
Nome AK,41.9,18.3,0.5,26.6,4.5,8.3,7.9
Savoonga AK,2,0,0,31.9,6.4,59.8,4.3
Larsen Bay AK,31.6,0,0,36.8,10.5,21.1,5.3
Ouzinkie AK,43.7,0,0,28.2,0,28.2,11.3
Wainwright AK,19.1,16.3,0.6,48.3,2.2,13.5,4.5
Kenai AK,71.6,11.3,2.4,2.5,4.2,8.1,21.3
Diomede AK,0,0,5.9,94.1,0,0,3.2
St. Michael AK,1.7,9.2,0,31.7,2.5,55,9.5
Stebbins AK,0.8,0,0,50,5.1,44.1,6.4
Akhiok AK,0,0,0,88.2,0,11.8,3.5
Old Harbor AK,28.9,7.4,1.7,7.4,5,49.6,11.5
Chevak AK,0,4.1,0,55.7,5.9,34.4,7
Emmonak AK,7,3.8,0,44.3,3.8,41.1,10.4
Alakanuk AK,6,6,0,22.7,2,63.3,9
Anderson AK,77.8,11.1,0,7.8,3.3,0,17.4
Anaktuvuk Pass AK,18.8,7.2,0,52.2,4.3,17.4,4.6
Nuiqsut AK,23.8,41,0,30.3,0.8,4.1,3.8
False Pass AK,63.8,23.4,0,4.3,0,8.5,4.5
Atqasuk AK,10.3,12.1,0,62.1,0,15.5,4.8
Unalaska AK,46.3,8.7,0.2,42.6,0.4,1.7,8
Kasaan AK,35.7,2.4,0,38.1,0,23.8,38
Unalakleet AK,17.8,4.5,0,61,4.2,12.5,5.6
White Mountain AK,0,0,0,31.8,12.1,56.1,5.3
Sand Point AK,44.1,7,0.2,42,4.6,2,5.9
St. George AK,6.5,21.7,0,63,0,8.7,7.5
Saxman AK,70.6,5.9,3.7,11.8,0,8.1,12.6
Kupreanof AK,20,0,0,80,0,0,0
Nondalton AK,25,4.2,0,39.6,0,31.3,6.4
Thorne Bay AK,50.9,5.3,4.4,27.9,5.8,5.8,12.2
Anvik AK,11.9,0,0,19,16.7,52.4,2.9
Holy Cross AK,3.1,7.7,0,36.9,15.4,36.9,2.8
Seward AK,64.8,13.1,0,14.4,6.5,1.3,7.4
Noorvik AK,7.6,2.1,0,61.8,10.4,18.1,7.1
Chuathbaluk AK,9.7,0,6.5,54.8,0,29,4.5
Chignik AK,55,5,0,25,0,15,6.3
St. Paul AK,46,14.4,0,24.7,3.4,11.4,7.6
Allakaket AK,0,0,1.5,54.5,15.2,28.8,11.9
Hooper Bay AK,3.1,2.2,0,36,1.3,57.5,5.8
King Cove AK,25.6,9.9,0,50.9,10.2,3.3,4.9
Nenana AK,51.1,15.1,0,22.3,1.4,10.1,21.7
Selawik AK,0,0,0,52.2,0,47.8,6.9
Adak AK,80.4,7.8,0,5.9,5.9,0,6.1
Nunam Iqua AK,0,0,0,18.8,0,81.3,3.4
Gustavus AK,63.3,5.6,0,3.9,17.8,9.4,11.5
Clark's Point AK,0,0,0,66.7,26.7,6.7,0
Wrangell AK,58.6,10.6,0.8,15.8,8.4,5.8,9.4
Edna Bay AK,0,0,0,0,0,100,0
Tucson AZ,73.6,10.9,4.1,3.1,3.7,4.5,22.2
Casa Grande AZ,79,12.6,0.1,2.2,4,2.1,22.6
Springerville AZ,81.7,9.7,0,1.1,7.5,0,12.9
Clarkdale AZ,80.5,9.3,0.3,5.3,4.3,0.4,23.8
Prescott AZ,74.2,9.7,0.3,5,7.8,3.1,18
Pinetop-Lakeside AZ,87.1,6.2,0,3.9,0.7,2,14.9
South Tucson AZ,71.3,8,4.4,7.9,3.3,5.1,23.9
Superior AZ,79.8,12.3,0,5.8,2,0,24.1
Duncan AZ,70.1,22.9,0,0,7,0,34.4
Eloy AZ,79.5,10.4,0,2.7,5,2.4,23.3
Nogales AZ,84.7,8.3,0.8,2,2.3,2,18.7
Hayden AZ,79.4,14.2,0,6.5,0,0,15
Benson AZ,87,7.4,0,1.7,2.7,1.1,20.7
Douglas AZ,71.2,17.8,0.2,2.7,4.4,3.7,15.6
Huachuca City AZ,87.1,5.3,1.8,2.4,0,3.3,20.2
Camp Verde AZ,71.9,17.6,0.3,2.2,6.8,1.3,22.8
Coolidge AZ,79.1,15,0.1,2.5,2.9,0.4,24.9
Florence AZ,78.4,7.6,1.2,4,8.5,0.2,23.5
Winslow AZ,68.7,17.2,0.1,6.8,3.6,3.6,11.7
Marana AZ,82.4,7.1,0.1,0.4,7.1,2.9,29.8
Sierra Vista AZ,76.6,9.4,1.5,4.1,5.6,2.9,17.9
Yuma AZ,82.1,9.5,0.9,2.9,2.6,2,15.7
Colorado City AZ,76.1,14.7,0,0,9.2,0,20.8
Kearny AZ,79.5,15.2,3.3,1,0,1.1,20
Sedona AZ,70.8,5.8,0.1,3,18.2,2.1,16.4
Chino Valley AZ,82.1,10.2,0,1.4,5,1.3,26.7
Prescott Valley AZ,77.1,14.3,0,1.1,5.4,2.2,20.7
Clifton AZ,90.6,7.8,0,1.6,0,0,13.9
San Luis AZ,73.1,13.9,6.6,1.4,3.8,1.2,28.6
Wellton AZ,80.7,3.7,0.2,4.4,11,0,36.3
Patagonia AZ,60.8,3.8,0,18.2,11.3,6,15.2
Mammoth AZ,78.2,15.9,2.3,0.7,2.3,0.7,31.9
Bisbee AZ,85,6,0,3.4,3.8,1.7,20.4
Tombstone AZ,67.3,13.3,0,15.7,1.2,2.5,16.6
Willcox AZ,86.6,9.3,0,2,2.2,0,16.5
Lake Havasu City AZ,80.3,12.4,0.1,1,4.1,2.2,20.8
Jerome AZ,79.3,5.4,0,0,12.8,2.5,21.5
Scottsdale AZ,77.7,5.9,1.2,1.6,11.4,2.2,22.1
Youngtown AZ,79,14.1,0.9,0.2,3.8,2.1,28.7
Bullhead City AZ,77.7,14.2,1.2,2.2,2,2.7,19
Avondale AZ,78.6,13.4,1,0.9,4.3,1.7,28.1
Tempe AZ,72.7,8.5,5,4.3,4.3,5.2,20.9
Tolleson AZ,79.2,12.1,2.1,4.1,1.5,0.9,23.4
Miami AZ,82.1,10.8,0,1.8,4.1,1.2,18.4
Thatcher AZ,77.8,12.9,0.6,2.7,3.3,2.7,17.9
Carefree AZ,75.2,14.1,0,0.2,6.2,4.3,26.7
Paradise Valley AZ,71.3,8.1,0.1,3.1,15.3,2,23.1
Surprise AZ,80.3,9.8,0.2,0.7,6.9,2.1,30.3
Fountain Hills AZ,77.6,6.8,0,1.9,11,2.6,26
Litchfield Park AZ,73.6,9.5,1.4,0.9,11.3,3.2,32.1
St. Johns AZ,85.1,12.2,0,0,2.7,0,11.9
Goodyear AZ,79.4,10.2,0.2,0.6,7.9,1.8,29
Guadalupe AZ,74.7,13.7,2.1,0,5.2,4.4,20.8
Parker AZ,74.4,13.7,0,7.7,2.5,1.8,10.6
Taylor AZ,77.7,15.9,0,0,3.8,2.6,22.7
Holbrook AZ,70.5,15.3,0.9,8.9,3,1.4,14.9
Winkelman AZ,54.5,16.2,0,23.2,6.1,0,19.6
Oro Valley AZ,80,5.9,0.6,0.9,8.6,3.9,28.5
Sahuarita AZ,84.8,8.8,0.4,0.8,3.1,2,27.5
Snowflake AZ,78.4,6.8,3.2,3.4,8.2,0,22.3
Quartzsite AZ,27,0,0.5,28.5,26.3,17.7,5.6
Kingman AZ,81.7,11.7,1.9,1.3,2,1.4,16.7
Globe AZ,78.5,14.4,0,2.5,2.2,2.3,13.9
Apache Junction AZ,78,11.8,0.1,2.4,5,2.8,26.6
Cave Creek AZ,74.9,6.2,2.6,0.3,13,2.9,28.3
Peoria AZ,80.3,9.9,0.6,0.6,6.8,1.7,28.1
Queen Creek AZ,77,10.1,0.5,1,10,1.5,33.1
Fredonia AZ,70.2,17.4,0,1.4,11,0,16.1
Page AZ,76,11.4,0,9.4,0.5,2.7,10.7
Cottonwood AZ,70.8,10.1,2.5,9.3,4,3.3,23.1
Payson AZ,80.9,10.8,0.2,0.8,6.6,0.7,18.1
Chandler AZ,78.6,10.2,0.9,1.2,6.6,2.5,24
El Mirage AZ,81.9,12.5,0.2,0.3,3.3,1.9,28.6
Glendale AZ,75.6,13,2.7,1.2,5.1,2.4,27.6
Mesa AZ,76.2,11.5,2.2,1.7,5.6,2.8,24.8
Wickenburg AZ,75.7,12.3,1.3,1,9.4,0.2,19.8
Flagstaff AZ,68.6,9.8,2.1,10.4,3.7,5.3,15.7
Phoenix AZ,74.6,12.5,3.3,1.7,5.4,2.5,25.4
Pima AZ,73.9,16,0,0.7,6.6,2.8,24.6
Gilbert AZ,80.1,8.8,0.8,0.7,7.6,2,27.7
Williams AZ,74.1,9.5,0.1,8.9,4,3.4,19
Safford AZ,79,16.9,0.2,1.2,2.3,0.4,14.8
Show Low AZ,77.3,11,0.8,4,5.6,1.3,16.5
Gila Bend AZ,84.8,12.6,0,1.7,0,1,12.1
Somerton AZ,85.7,8.1,1.8,1.6,1.3,1.4,24.1
Eagar AZ,81.8,17.9,0,0,0.3,0,16.3
Maricopa AZ,76.2,12.6,0.3,1.2,6.8,2.9,35
Dewey-Humboldt AZ,67.9,24.8,0,0,7.3,0,28.3
Star Valley AZ,83.7,10.3,0,2.9,3.1,0,20.4
Buckeye AZ,80.2,11.5,0.1,1,5.7,1.6,31.5
Egypt AR,100,0,0,0,0,0,20
Rogers AR,85.3,9.5,0.1,1.6,2.8,0.8,16.4
Alpena AR,78.5,13.9,0,4.9,1.4,1.4,21.1
Everton AR,85.7,14.3,0,0,0,0,15.9
Hope AR,78.7,16.7,0.4,0.9,1.5,1.8,15.4
Hartman AR,76.6,15.6,0,0,7.8,0,23.4
Barling AR,81.8,9.7,0,0,0.7,7.8,20.6
McCrory AR,85.5,12,0.7,0.7,0,1.1,18
Huttig AR,90.1,6.4,0,3.5,0,0,38.7
Fayetteville AR,78.6,9.3,1.6,4.4,4.1,2.1,19.5
Springdale AR,78.9,17.5,0.3,0.4,2.3,0.6,19.4
Tontitown AR,89.9,4.8,0,0.5,4.8,0,22.4
Newport AR,76.4,11.6,0.3,2.2,7.2,2.2,13.9
Marvell AR,91.1,3.1,0,5.8,0,0,20.7
Charleston AR,84.2,11.8,0,2.5,1.4,0,25.8
West Point AR,83.7,9.3,0,0,7,0,15.5
Green Forest AR,77.9,8.2,0,10.2,2.9,0.8,16.7
St. Paul AR,69.2,0,0,30.8,0,0,18.1
Ashdown AR,73.7,22.9,0,3.3,0,0,22
Scranton AR,83.1,12,0,0,4.8,0,35.2
Delaplaine AR,48.4,12.9,0,0,25.8,12.9,12.6
Pineville AR,78.2,16.1,0,0,5.7,0,20.9
Black Oak AR,98.8,1.3,0,0,0,0,22.5
Subiaco AR,64.7,17.9,0,5.3,12.1,0,20.3
Hackett AR,80,11.6,0,0,7.4,1.1,19.2
Gentry AR,86.2,10.1,0,0.8,1.9,1,24.4
Earle AR,76.3,14.1,0.1,7.8,0,1.6,26.2
Willisville AR,89,3,0,0,0,8,31.6
Jasper AR,84.9,2.2,0,12.8,0,0,15
Mountainburg AR,71.4,14.1,0,6.8,6.8,1,26.8
Bay AR,88.2,10.4,0,0.8,0,0.6,20.9
Oxford AR,80.1,9.7,0,1.4,5.1,3.7,26.1
Hickory Ridge AR,86.7,7.5,0,0,5.8,0,34.3
Higginson AR,88,9.1,0,2.3,0.6,0,17.7
Griffithville AR,77.3,20.5,0,2.3,0,0,20.7
Lepanto AR,83.2,12.9,0.4,3.4,0,0,25.8
Oppelo AR,87.6,10,0,0,0.7,1.7,23.9
Shannon Hills AR,86.9,7.9,0,3.7,0.6,0.9,26.2
Vandervoort AR,85.3,11.8,0,2.9,0,0,35.3
Walnut Ridge AR,86.6,8.6,0.2,4.2,0.4,0,16.8
Rondo AR,98.5,1.5,0,0,0,0,28
Murfreesboro AR,78,17.7,0.5,1.2,0.3,2.3,18.9
Gum Springs AR,92.7,7.3,0,0,0,0,17.5
Lakeview AR,79.9,11.1,0,3.4,4.7,0.9,18.8
Maumelle AR,86.7,8.2,0,0.5,2.9,1.8,25.3
Forrest City AR,86.7,7.9,0,0.8,2.8,1.8,16.9
Diamond City AR,86.6,8,0,0,5.5,0,26.1
Strong AR,93.1,6.9,0,0,0,0,32.2
Fountain Lake AR,82.9,9.9,0,1.1,6.1,0,24.4
Oak Grove AR,74.7,20.2,0,2.8,2.2,0,24.2
Portia AR,93.2,3.8,0,0.4,2.5,0,17.9
Springtown AR,97.6,2.4,0,0,0,0,12.3
Leola AR,82.6,15.2,0,0.9,0.9,0.4,23.3
Cotter AR,81.7,10.1,0,2.8,4.2,1.1,16.8
Tuckerman AR,94.5,3.6,0,0,1.9,0,19.9
Holland AR,80,17.4,0,0,1.3,1.3,26.2
Stamps AR,76.3,20.8,0,0,1.6,1.3,28.4
Kensett AR,87.8,5.9,0,5.4,0.6,0.4,14
Trumann AR,87.5,7.7,0,0.3,3.3,1.2,21.1
Smithville AR,71.1,6.7,0,22.2,0,0,35.7
Ward AR,86.8,8.4,0,0.8,3.9,0,33.1
Wilmot AR,64.6,12.2,0,13.8,0,9.5,19.7
Marie AR,100,0,0,0,0,0,29.6
Jennette AR,100,0,0,0,0,0,23.2
West Memphis AR,82.7,9.7,0.6,1.8,1,4.2,16.4
Monette AR,90.3,9,0,0,0.8,0,21.9
Blytheville AR,84.5,12.5,0.6,0.2,1.4,0.8,16.1
McNab AR,92,8,0,0,0,0,32
Birdsong AR,93.3,6.7,0,0,0,0,0
Dyess AR,66.4,22.7,2.7,0,8.2,0,27
Joiner AR,75.9,9.6,0,10.2,0,4.2,20.4
Batesville AR,77.7,12.6,0,2.3,5.2,2.2,13.1
Oak Grove Heights AR,81.7,13.8,0,1,1.3,2.3,21.5
Calico Rock AR,72.4,20.1,0,2.9,3.4,1.1,14.6
West Fork AR,88.6,7.7,0,0,2.4,1.3,23.8
Oil Trough AR,72.3,9.9,0,0,2,15.8,21.7
McDougal AR,88,0,0,8,0,4,31.2
Plumerville AR,77.1,21,0,0,0.9,0.9,21.7
Austin AR,83.2,9.7,0.4,0,6.4,0.3,26.1
Reed AR,100,0,0,0,0,0,15.4
Bluff City AR,98.1,1.9,0,0,0,0,34
De Queen AR,62.6,35.1,0,0.2,1.3,0.8,22
Ben Lomond AR,65.6,34.4,0,0,0,0,29.8
Cave City AR,81.9,13.9,0,1.8,0.3,2.1,20.2
Newark AR,80.1,18.7,1.2,0,0,0,22.9
Gosnell AR,91.1,6.7,0,0,0,2.2,18.2
Whelen Springs AR,50,50,0,0,0,0,27.3
Altheimer AR,79.2,7.7,1.1,4.9,3.5,3.5,24.5
White Hall AR,91.1,5.4,0,0.7,0,2.8,21.3
Minturn AR,77.8,16.7,0,5.6,0,0,27.8
North Little Rock AR,83.7,9.1,2.3,1.2,2.7,1,19.3
Stephens AR,87.3,11.8,0,0,0,0.9,30.4
Colt AR,90.5,9.5,0,0,0,0,21.6
Madison AR,71.8,24.1,0,4.1,0,0,22.8
Palestine AR,81.4,4.8,0,3,7.8,3,17
Cave Springs AR,85.8,4.5,0,1.2,7.9,0.5,20
Brinkley AR,78.1,16.4,0,1.5,4,0,18.4
Alma AR,89.4,8.4,0,1.8,0.4,0,21.4
Corning AR,90.7,5.4,0,2.7,1.1,0,21
Texarkana AR,84.8,9.4,0.3,1.7,2.6,1.2,14.6
Lonoke AR,84.7,10.4,0,2.6,0.4,1.9,25.1
Eudora AR,88.6,2.1,0,1.4,0.7,7.3,22.2
Kingsland AR,87.5,9,1.4,0,0,2.1,24.4
Parkin AR,69.1,18.3,3.7,5.7,3.3,0,30
Van Buren AR,87,9.7,0.2,1.4,1.2,0.5,19.6
Salem AR,83.1,6.4,0,2.3,4.2,4.1,22.3
Imboden AR,78.3,15.6,3.8,0,2.4,0,42.2
Sedgwick AR,87.1,12.9,0,0,0,0,23.5
Booneville AR,89.7,4.6,2,2.6,0.9,0.1,18.2
Magazine AR,76.8,19.2,0,1.1,0.9,2,27.2
Marmaduke AR,77.9,17.8,0,4.3,0,0,19.7
Humphrey AR,82.3,9.4,0,5.4,3,0,20
Marshall AR,75.8,18.9,0.3,4.3,0,0.8,18.2
Pindall AR,100,0,0,0,0,0,21.7
Rudy AR,62.9,33.7,0,3.4,0,0,19.5
Hatfield AR,81.5,11,0,0.7,4.1,2.7,28.1
Dover AR,74.4,20.8,0,0,3.9,0.9,18.8
Russellville AR,81.4,11,0,3,2.2,2.4,14.8
Fordyce AR,65.4,22.7,0,8.1,1.4,2.4,25.9
Sparkman AR,66.5,10.4,0,15.2,0,7.9,19.5
Daisy AR,73,13.5,0,8.1,2.7,2.7,30
Hughes AR,82.2,14,0,1,2.9,0,25.4
Swifton AR,84.5,0.4,1.4,8.1,5.7,0,22.4
Tupelo AR,96.6,0,0,0,3.4,0,34.2
Mineral Springs AR,73.6,26.4,0,0,0,0,18.4
Hot Springs AR,77.2,12,1,3.6,4.2,2,17.7
Lake View AR,75.5,16.3,0,6.1,0,2,27.3
Gravette AR,68.9,20.6,3,3.8,2.7,1.1,26.4
Valley Springs AR,78.8,1.5,0,9.1,10.6,0,15.9
Marion AR,86.7,7.4,0,0.3,4.9,0.6,21.5
Coal Hill AR,94.6,3.1,0,0,0,2.3,26.2
Branch AR,89.2,3.3,0,2.5,4.2,0.8,44.6
Sulphur Rock AR,86.9,5,0,0,0,8,18.5
Datto AR,100,0,0,0,0,0,21.2
Nimmons AR,100,0,0,0,0,0,23.5
Gassville AR,84,12.4,0,1.8,0.4,1.3,16.1
Zinc AR,88.9,0,0,11.1,0,0,30.6
Anthonyville AR,73.5,22.1,0,4.4,0,0,36.4
Russell AR,75.3,16.9,0,7.8,0,0,20.5
Aubrey AR,63.4,7.3,0,29.3,0,0,13.2
Haynes AR,100,0,0,0,0,0,20.6
Casa AR,71.4,7.9,0,0,20.6,0,33.7
Jericho AR,100,0,0,0,0,0,19
Bono AR,87.7,8.6,1.1,1.6,1.1,0,18.3
Houston AR,96.1,0,1.3,0,2.6,0,26.3
Paris AR,90.4,4.3,0,0.9,4.4,0,14.9
Ratcliff AR,69.4,30.6,0,0,0,0,22.2
Almyra AR,84.4,14.3,0,0,0,1.4,19.6
Gillett AR,76.4,17.3,0,2.7,1.9,1.6,18
Biggers AR,79.5,12.8,0,4.3,2.6,0.9,23
Pangburn AR,83.2,10.2,0,6.6,0,0,19.7
Delight AR,63.3,33.8,0,2.9,0,0,29.5
Holly Grove AR,62.5,35.8,0,0,1.7,0,28.3
Elaine AR,84.9,6.4,0,2.8,6,0,21.6
Rector AR,80.5,9,0,4.8,2.5,3.3,20.6
Sidney AR,65.3,31.9,0,2.8,0,0,27
Clarkedale AR,85.2,3.7,0,0,10.6,0.5,25.2
Midway AR,90.6,8,0.9,0,0.4,0,26
Briarcliff AR,83.9,13.8,0,0,1.1,1.1,18.3
Cherokee Village AR,81.5,12,0,1.5,5,0,21
Wilson AR,81,11.9,0,3.4,2.3,1.4,20
Wilton AR,81.1,16.2,0,0,2.7,0,22.2
Winchester AR,79.4,15.9,0,4.8,0,0,21.5
Lexa AR,93.2,6.1,0,0.7,0,0,40.7
Lockesburg AR,70.7,17.8,3,0.3,3,5.3,31.9
Cushman AR,87.4,7.1,0,0,2.7,2.7,22.3
Evening Shade AR,73,11.3,0,9.4,6.3,0,25.1
Fisher AR,84.7,8.7,0,0,6.6,0,27.9
Fouke AR,76.4,17.1,0,2.5,4,0,22.2
Fulton AR,80,14.3,0,0,5.7,0,26.1
Gilmore AR,58.9,0,0,0,30.4,10.7,20.8
Adona AR,78.9,11,0,3.7,2.8,3.7,34.6
Campbell Station AR,97.7,2.3,0,0,0,0,13.7
Caraway AR,75.9,22.3,0,0.9,0.9,0,25.1
De Valls Bluff AR,89.4,4,0,2,0.5,4,26.2
Dyer AR,90.4,9.6,0,0,0,0,19.8
Greenway AR,100,0,0,0,0,0,25.6
Grubbs AR,88.3,3.6,0,3.6,1.5,3,17.2
Harrell AR,84.2,12.3,0,2.1,0,1.4,24.4
Helena-West Helena AR,73.9,20.7,0.1,2.4,1.5,1.3,16
Jerome AR,100,0,0,0,0,0,0
Knobel AR,84.2,13.2,0,0,0,2.6,34.7
Knoxville AR,77.9,16.1,0.5,0,5.5,0,18.3
Lake City AR,80.9,15.5,0,1.4,0.7,1.6,23.6
Luxora AR,85.1,14.9,0,0,0,0,18.5
McCaskill AR,68.2,9.1,0,0,0,22.7,25.5
Pollard AR,96.4,2.4,0,0,1.2,0,25.1
Pottsville AR,91.3,6.6,0,0,1.8,0.3,19.9
Reyno AR,76,14.7,0,2.7,3.3,3.3,28.9
Rockport AR,82.1,12.3,0,1.3,4.1,0.3,19.5
Wabbaseka AR,66.2,12.2,0,12.2,6.8,2.7,23
Mount Vernon AR,77.3,20.5,0,0,2.3,0,28.7
Oakhaven AR,69.6,30.4,0,0,0,0,23.9
Ogden AR,89.6,3.9,0,0,6.5,0,22
Ozan AR,96.6,0,0,0,3.4,0,38
Patterson AR,72.1,26.5,0,1.4,0,0,17.4
Peach Orchard AR,86.4,9.1,0,0,4.5,0,32.3
Perrytown AR,87.8,8.7,0,0,1.7,1.7,14.9
Sunset AR,75.3,20.6,0,4.1,0,0,12
Tinsman AR,69,10.3,0,0,3.4,17.2,20.5
Coy AR,100,0,0,0,0,0,32.7
St. Francis AR,91.5,8.5,0,0,0,0,37.6
Norman AR,90.6,5.9,0,2.4,0,1.2,26.5
Cabot AR,87.7,6.7,0.3,2.7,2.1,0.6,26
Osceola AR,75.5,22.4,0,0,1.1,1,10.9
Leachville AR,77.2,21,0,0.6,0.7,0.6,25.8
El Dorado AR,88.7,8.6,0.1,1.2,0.9,0.5,15.8
Lincoln AR,80.7,17.1,0,0,2.2,0,32.7
Quitman AR,84.3,9.1,0,1.4,4.2,0.9,23.2
Mulberry AR,95.3,1.4,0,1.7,0.5,1.1,22.3
Mena AR,75.4,19.9,0,2.7,1.1,0.9,14.1
Hector AR,87.7,8.8,0,1.3,1.3,0.9,33.4
Beedeville AR,96,0,0,0,4,0,0
Jacksonport AR,79.7,11.9,0,8.5,0,0,14.6
Lonsdale AR,63.2,32.4,0,4.4,0,0,27.5
Beaver AR,77.1,0,0,6.3,16.7,0,29.8
Norfork AR,67.1,25,0,1.8,4.3,1.8,22.5
Moorefield AR,85.2,9.9,0,0,4.9,0,15.3
Fargo AR,76.2,22.2,0,1.6,0,0,29.3
England AR,92.1,5.2,0,1.2,0.4,1.1,25.2
Humnoke AR,78.8,16.3,0,5,0,0,22.4
Banks AR,46.7,53.3,0,0,0,0,42.3
Montrose AR,86.9,1.9,0,4.7,6.5,0,20.7
Wynne AR,82.3,12.1,0,1.4,1.6,2.6,21.2
Dumas AR,83.3,7.3,0.4,3.3,2.9,2.7,16.3
Rosston AR,90.6,8.7,0,0.7,0,0,27.2
Horatio AR,68.4,29.2,0,0.5,1.2,0.7,23.9
Ash Flat AR,83.3,8.3,0,1.9,0,6.5,12.4
Wilmar AR,85.2,3.6,0,3,3,5.3,24.4
Wiederkehr Village AR,80,4,0,0,16,0,20
London AR,80.4,11.3,0,0,2.7,5.6,23.6
Traskwood AR,88.2,10.7,0,0,1.2,0,29.7
Tyronza AR,90.8,7.7,0,1.5,0,0,27.6
Vilonia AR,87.2,8.9,0,0,3.9,0,28.8
Bonanza AR,89.6,8.2,0,0,1.1,1.1,26.1
Bethel Heights AR,88.2,9.8,0,0.5,1.3,0.2,23.4
Alexander AR,86.3,10.7,0,1.4,0.3,1.3,20.5
DeWitt AR,81.5,11.5,0,3.3,0.4,3.3,14.1
Brookland AR,85.4,12.2,0,1.9,0,0.6,20.1
Bella Vista AR,86.7,7.6,0.2,0.1,4.1,1.2,27.1
Guy AR,82.9,8.4,2,0,6.7,0,32.9
Centerton AR,91.5,5.4,0,1,2,0,21.7
LaGrange AR,54.1,45.9,0,0,0,0,0
Grady AR,84.7,15.3,0,0,0,0,25.3
Lynn AR,88,6.7,2.7,0,2.7,0,29.1
Ravenden AR,90.9,3.8,0,1.5,2.3,1.5,41.8
Strawberry AR,75,23.4,0,0,0,1.6,31.3
Stuttgart AR,79.4,11.5,0,4.1,3.7,1.3,11
Paragould AR,88.4,8,0.1,1.2,2.2,0.2,18.5
Mount Pleasant AR,72.8,17.2,0,4.7,5.3,0,17.9
Bodcaw AR,78.2,21.8,0,0,0,0,32.9
St. Joe AR,88.7,11.3,0,0,0,0,29.7
Ola AR,81.6,11.5,1.3,1.9,3.7,0,21.7
Sherwood AR,85.3,9.8,0,0.3,3.4,1.2,21.4
Wrightsville AR,85.9,12.5,0.7,0,1,0,24.9
Bassett AR,87.1,6.5,0,6.5,0,0,19.4
Emerson AR,95.6,2.7,0,0,1.8,0,22.8
Magnolia AR,81.7,8.1,0,7.6,2.3,0.3,13.2
Waldo AR,82.5,10.8,1.4,0,2.5,2.8,22.6
Marianna AR,75.1,21.1,0,1.2,1.7,0.9,21.3
Hoxie AR,79.3,14.2,0,1.8,2.1,2.7,24.1
Clarksville AR,75.4,10.7,0,3.2,6.6,4.1,14.1
Edmondson AR,68.5,25.9,0,0,0,5.6,22.9
Jonesboro AR,81.1,11.9,0.3,2.7,3.4,0.6,17.6
Burdette AR,66.7,33.3,0,0,0,0,18
Dell AR,92.9,7.1,0,0,0,0,20.7
Manila AR,84.1,15.9,0,0,0,0,23.1
Pine Bluff AR,86.9,5,0.3,2.5,2.5,2.7,18.1
Cedarville AR,88.2,5.2,0,1.7,3.9,0.9,27.8
Enola AR,83.5,9.1,0,0,4.1,3.3,36
Greenbrier AR,85.3,12.2,0,0,1,1.5,24.7
Winthrop AR,100,0,0,0,0,0,27.3
Foreman AR,88.7,10.3,0,0,1,0,22
Guion AR,79.4,2.9,0,8.8,8.8,0,24.8
Damascus AR,79.4,11.2,0,6.5,2.8,0,21.7
Huntington AR,93.9,4.4,0,0,0,1.7,27.7
Washington AR,96.9,0,0,0,1.6,1.6,22.5
Bradley AR,74.8,4.7,0,17.3,3.1,0,22.8
Buckner AR,86.4,8.2,0,0,2,3.4,28.6
Highfill AR,74.7,12.3,0,0.7,11.7,0.7,25
Bergman AR,80.8,16.1,0,2.2,0.9,0,19.3
Harrison AR,77.6,16.5,0,1.9,1,2.9,14.4
Crawfordsville AR,76.1,10.9,0,0,13,0,18.4
Cash AR,76.2,18.2,0,0.7,1.4,3.5,23.2
Arkansas City AR,80.3,15.8,0,0,0,3.9,15.8
Emmet AR,77.6,22.4,0,0,0,0,22.5
Leslie AR,60.2,20.8,3.8,1.7,13.6,0,26
Highland AR,84.1,9.9,0,1.7,2.3,2,21.2
Williford AR,100,0,0,0,0,0,0
Caulksville AR,72,9.6,0,9.6,4,4.8,17.7
Western Grove AR,73.3,24.1,0,0.5,2.1,0,27.6
Sherrill AR,93.3,0,0,0,6.7,0,18.9
Black Rock AR,82.1,16.1,0,0.9,0.9,0,27.7
Tull AR,85,7,0,1.9,6.1,0,33.5
Wooster AR,86.7,8.9,0,0,4.3,0,29.9
Mammoth Spring AR,89.3,7.6,0,1,1,1,14.5
Bearden AR,75,13.6,2.6,6.5,0,2.3,17
Chidester AR,82.2,15.8,0,0,2,0,30.3
Cotton Plant AR,84,3.8,3.4,5,0,3.8,24.7
Pocahontas AR,79.2,13.3,0,4.3,1.2,1.9,24.1
Lavaca AR,89.8,9.5,0,0.2,0.5,0,21.6
Taylor AR,90.4,7.9,0,0,1.7,0,26.6
Melbourne AR,83.7,11.3,0,2.6,0,2.4,10.9
O'Kean AR,76.6,23.4,0,0,0,0,36.1
Fort Smith AR,80.9,12.5,0.5,2.1,2.2,1.9,16.3
Hunter AR,66.7,18.8,0,6.3,8.3,0,11.1
Calion AR,65.8,20.8,0,10,3.3,0,18.3
Johnson AR,78.7,14.7,0,0,5.3,1.3,23.3
Mayflower AR,79.6,10.9,0,1.2,1,7.4,25.4
McNeil AR,89.2,8.1,0,0,0,2.7,19.9
Ravenden Springs AR,58.3,31.3,0,0,10.4,0,33.3
Clinton AR,73.2,15.2,0,5.1,5,1.5,23.5
Fairfield Bay AR,80.2,2.9,0,0,10.1,6.8,25.8
Greenwood AR,88.9,9.3,0,0.8,0.5,0.5,24.6
Augusta AR,79,7.7,2.1,4.7,5.3,1.2,12.5
Norphlet AR,97.7,2.3,0,0,0,0,22.4
Elm Springs AR,77.2,14.2,0,0,8.3,0.3,20.5
Searcy AR,81,9.7,0,5.2,3.1,1,17
Eureka Springs AR,64.4,3.2,0,15.6,16.4,0.4,15.4
Concord AR,81.3,13.8,0,0,0,5,32.1
Caldwell AR,73.1,6.7,0,2.5,4.2,13.4,24
Moro AR,84.5,7.2,0,7.2,0,1,27.1
Blue Mountain AR,86.2,6.9,0,6.9,0,0,14.1
St. Charles AR,83.2,10.5,0,5.6,0,0.7,22.6
Franklin AR,77.3,22.7,0,0,0,0,33.9
Hermitage AR,80,12.9,0,4.7,0,2.4,30.4
Hardy AR,79.6,15.1,0,0,0,5.4,24.4
Horseshoe Bend AR,83.9,7.8,0,1.2,5.6,1.5,27.4
Hindsville AR,100,0,0,0,0,0,0
Salesville AR,88.2,7.1,0,3.1,1.6,0,31.7
Donaldson AR,80.2,16.7,0,3.1,0,0,23
Friendship AR,91.9,8.1,0,0,0,0,21.6
Malvern AR,81.3,13.4,1.5,2.9,0.5,0.4,17.8
Chester AR,90,0,0,10,0,0,13.7
Cove AR,88,5.4,0,0,5.4,1.1,23.4
Grannis AR,68.6,17.7,3.6,0.7,0,9.4,21.4
Wickes AR,70.8,20.5,2,0,6.7,0,21.8
Atkins AR,89.2,7.6,0,0,3.3,0,20.9
Sheridan AR,77.9,17.1,0,1.2,3.1,0.8,27.3
Heber Springs AR,78.6,11.9,0,2.1,5.4,1.9,19.8
Denning AR,76.6,12.1,11.3,0,0,0,26
Berryville AR,87.1,8.5,0,1.8,1.9,0.8,15.1
Prattsville AR,85.3,7.7,0,1.9,4.5,0.6,29.5
East Camden AR,93.6,5.9,0,0,0,0.5,16
Antoine AR,81.8,6.1,0,0,0,12.1,27
Diaz AR,70.2,28.5,0,0.7,0.2,0.5,16.2
Weldon AR,100,0,0,0,0,0,41.7
Tollette AR,92.9,3.2,3.9,0,0,0,23.7
Bentonville AR,84.7,8.9,0,2.5,3,0.8,16.2
Gateway AR,74.7,9.3,0,0,16,0,27.4
Little Flock AR,84.2,9.8,0.3,1,4.1,0.6,18
Omaha AR,86.8,0,0,5.7,7.5,0,19.6
South Lead Hill AR,90.4,5.8,0,0,3.8,0,22
Monticello AR,80.9,12.1,0,5.1,1.1,0.9,19.8
Goshen AR,80.3,11.5,0,0,7.5,0.7,31.8
Lewisville AR,84.8,15.2,0,0,0,0,24.9
Bull Shoals AR,66.1,18.4,0,5.9,9.6,0,19.1
Pyatt AR,95.9,1,0,3.1,0,0,24
Summit AR,98.5,0,0,1.5,0,0,18.9
